n Seq Par SeqP ParP
64	0.00000026	0.00001622	0.00000013232905	0.000021498006203
128	0.00000055	0.00001662	0.000000264658101	0.000022081671836
256	0.00000108	0.00001771	0.000000529316201	0.000023249003101
512	0.00000213	0.00002302	0.000001058632403	0.000025154570964
1024	0.00000424	0.00002376	0.000002117264806	0.000027192467878
2048	0.00000846	0.00002498	0.000004234529612	0.000029495022892
4096	0.00001707	0.00002811	0.000008469059223	0.000032326894107
8192	0.00003559	0.00003404	0.000016938118446	0.000036217397726
16384	0.00007096	0.0000473	0.000033876236893	0.00004222516615
32768	0.00015266	0.00006673	0.000067752473785	0.000052467464185
65536	0.00033609	0.00010479	0.000135504947571	0.000071178821444
131072	0.00067463	0.00019835	0.000271009895141	0.00010682829715
262144	0.00134791	0.00038262	0.000542019790282	0.000176354009747
524288	0.00273649	0.00072986	0.001084039580564	0.000313632196131
1048576	0.00546979	0.00140784	0.002168079161128	0.000586415330084
2097152	0.01101894	0.00277283	0.004336158322257	0.001130208359179
4194304	0.02791576	0.00553617	0.008672316644513	0.002216021178556
8388608	0.06440857	0.01453216	0.017344633289027	0.004385873578497
16777216	0.1291075	0.03503878	0.034689266578054	0.008723805139566
33554432	0.25794085	0.07025828	0.069378533156107	0.017397895022892
67108864	0.5158101	0.14011133	0.138757066312214	0.034744301550731
134217728	1.03011767	0.27893144	0.277514132624428	0.069435341367597

