n Seq Par SeqP ParP
64	0.00000027	0.00002848	0.00000013232905	0.000024750184611
128	0.00000054	0.00002891	0.000000264658101	0.000028310736966
256	0.00000105	0.00003613	0.000000529316201	0.000031904371585
512	0.0000025	0.0000375	0.000001058632403	0.000035564170728
1024	0.00000417	0.00004423	0.000002117264806	0.000039356298922
2048	0.00000829	0.0000438	0.000004234529612	0.000043413085216
4096	0.000017	0.00005336	0.000008469059223	0.000047999187712
8192	0.0000352	0.00005818	0.000016938118446	0.000053643922611
16384	0.00007036	0.00007659	0.000033876236893	0.000061405922316
32768	0.00014554	0.00009578	0.000067752473785	0.000073402451632
65536	0.00033355	0.00014556	0.000135504947571	0.000093868040171
131072	0.00066892	0.00022974	0.000271009895141	0.000131271747157
262144	0.00133726	0.00041677	0.000542019790282	0.000202551691035
524288	0.00271766	0.00075303	0.001084039580564	0.000341584108699
1048576	0.00540122	0.00143222	0.002168079161128	0.000616121473933
2097152	0.01085754	0.00280032	0.004336158322257	0.001161668734308
4194304	0.02789499	0.00554204	0.008672316644513	0.002249235784965
8388608	0.06382695	0.01450042	0.017344633289027	0.004420842416187
16777216	0.1277917	0.0350954	0.034689266578054	0.008760528208536
33554432	0.2550964	0.06986389	0.069378533156107	0.017436372323143
67108864	0.50946262	0.1389675	0.138757066312214	0.034784533082263
134217728	1.01779021	0.27657479	0.277514132624428	0.069477327130409

