n Seq Par SeqP ParP
64	0.0000002	0.00000231	0.000000149507759	0.000001719339229
128	0.000000485	0.000003695	0.000000299015518	0.000002044718839
256	0.00000088	0.000003345	0.000000598031036	0.000002444852328
512	0.00000167	0.00000448	0.000001196062072	0.000002994493576
1024	0.000003305	0.00000637	0.000002392124145	0.000003843150342
2048	0.000006615	0.000010065	0.00000478424829	0.000005289838145
4096	0.000013705	0.000015575	0.000009568496579	0.000007932588019
8192	0.00002897	0.000020225	0.000019136993159	0.000012967462039
16384	0.00007088	0.00004938	0.000038273986317	0.000022786584348
32768	0.000146195	0.00008591	0.000076547972635	0.000042174203237
65536	0.000313405	0.000130035	0.000153095945269	0.000080698815284
131072	0.000534205	0.0004309	0.000306191890539	0.000157497413649
262144	0.001042505	0.000626695	0.000612383781078	0.000310843984649
524288	0.002813735	0.002353855	0.001224767562156	0.000617286500918
1048576	0.00747013	0.006598305	0.002449535124312	0.001229920907726
2097152	0.01472155	0.01315899	0.004899070248623	0.002454939095612
4194304	0.02943272	0.02627802	0.009798140497247	0.004904724845653
8388608	0.058599735	0.055608795	0.019596280994494	0.009804045720007
16777216	0.123395235	0.106270255	0.039192561988987	0.019602436842984
33554432	0.238386745	0.21387985	0.078385123977974	0.039198968463207
67108864	0.474814405	0.428788495	0.156770247955949	0.078391781077924
134217728	0.953750485	0.856867835	0.313540495911897	0.156777155681629
