n Gain GainP
64	0.086580086580087	0.076502732240437
128	0.131258457374831	0.127744510978044
256	0.263079222720478	0.213434969032873
512	0.372767857142857	0.350479170741248
1024	0.51883830455259	0.553428042001235
2048	0.657228017883756	0.820606754436176
4096	0.879935794542536	1.12122634131081
8192	1.43238566131026	1.40404485578571
16384	1.43539894694208	1.62798092209857
32768	1.70172273309277	1.78189332380405
65536	2.41015880339908	1.87745346800465
131072	1.23974239962868	1.93297911338269
262144	1.66349659722832	1.96395331912015
524288	1.19537312196376	1.98081371688628
1048576	1.13212863000422	1.98985665503844
2097152	1.1187446756932	1.99466226357309
4194304	1.12005090185638	1.99720066609345
8388608	1.05378537693543	1.99853582022895
16777216	1.16114556232127	1.99923585398696
33554432	1.11458253313718	1.99960195426867
67108864	1.10733942383412	1.99979300597923
134217728	1.11306603660762	1.99989252157169